01 – 02	720	422	12 – 13	43	248
01 – 03	362	188	12 – 14	34	40
02 – 04	184	80	12 – 15	79	101
02 – 05	346	289	12 – 16	33	55
02 – 06	253	132	14 – 15	08	13
03 – 04	353	180	15 – 18	26	37
04 – 06	320	235	15 – 23	24	41
04 – 12	201	63	16 – 17	17	40
05 – 07	82	131	18 – 19	12	24
06 – 07	166	220	19 – 20	31	23
06 – 08	133	129	21 – 22	10	09
06 – 09	125	54	22 – 24	27	32
06 – 10	69	11	23 – 24	09	27
06 – 28	81	62	24 – 25	10	20
08 – 28	03	14	25 – 26	18	18
09 – 10	118	142	25 – 27	20	13
09 – 11	66	192	27 – 28	78	58
10 – 17	29	24	27 – 29	27	27
10 – 20	41	32	27 – 30	31	31
10 – 21	78	80	29 - 30	7	16
10 – 22	37	39			
